btcMean: 40845.57142857143 
btcMax: 44087 
btcMin: 36938 
btcStdDev: 3281.483953000214
spMean: 4563.5714285714275 
spMax: 4604.37 
spMin: 4544.21 
spStdDev: 16.055626408608937
hsMean: 16958.72976190476 
hsMax: 17910.84 
hsMin: 16334.37 
hsStdDev: 648.4541208078064
